prob_class_0,prob_class_1,prob_class_2
0.003518564347172608,0.9899132813262987,0.00656815432652871
0.005178813701850429,0.9530110002463184,0.04181018605183104
0.00304088367585396,0.12676578539517225,0.8701933309289739
0.004906746991311492,0.27369580459387555,0.7213974484148129
0.005668126522311339,0.9122961071846704,0.08203576629301837
0.0021223544658333336,0.05988022064347502,0.9379974248906916
0.0042340757810812365,0.9803300871279584,0.015435837090960382
0.0026119743115245835,0.07877401904290039,0.918614006645575
0.002858029302460784,0.10088013869461243,0.8962618320029269
0.004452111203663343,0.9693752997932022,0.026172589003134555
0.004451681061805955,0.9782075415488283,0.01734077738936571
0.0048547382465729694,0.31130580696685817,0.6838394547865688
0.0034634140413542327,0.9896659820873925,0.00687060387125339
0.0035123754697984136,0.9890833692584411,0.007404255271760648
0.007283340170839964,0.9254496969853251,0.06726696284383495
0.0030263127722462936,0.10842461800563975,0.888549069222114
0.004045455999161013,0.9805065198581746,0.015448024142664395
0.0033092098216535304,0.9910639061275767,0.005626884050769878
0.0034610630596286296,0.1557061243472048,0.8408328125931666
0.002786852086953374,0.10126389663690569,0.8959492512761409
0.0060845534709666575,0.40633129325187045,0.587584153277163
0.003597548061563695,0.9884346699344071,0.00796778200402927
0.007391439036717378,0.8845937363949269,0.10801482456835564
0.0019713646799542146,0.051880098231611424,0.9461485370884343
0.0037004798732346634,0.9868269451463636,0.009472574980401877
0.004219268254403138,0.981264506861364,0.014516224884232853
0.004568152064302424,0.9754454081362053,0.019986439799492293
0.005365840495730938,0.9647931869709887,0.029840972533280354
0.004934755586191177,0.3236449119937832,0.6714203324200257
0.0035195893203040763,0.9890235880196512,0.007456822660044753
0.006084758045266543,0.8484665695000337,0.14544867245469972
0.0054192730594970024,0.9485741197327691,0.04600660720773399
0.005139184825492228,0.9615056604992097,0.033355154675298204
0.005931972041279356,0.9415429454311574,0.05252508252756319
0.003643936982405649,0.9881288241058176,0.008227238911776874
0.003472461057841826,0.9909213682840946,0.0056061706580635765
0.003708457356892463,0.9895158229733497,0.006775719669757709
0.003073970075646577,0.09933181568935343,0.897594214235
0.003513459913794505,0.9916592960409508,0.004827244045254598
0.0041235212296072505,0.9766073506469443,0.019269128123448487
0.004642132083821922,0.9798258810086518,0.015531986907526258
0.005427987500530189,0.9246882615064705,0.06988375099299916
0.0037927020561379816,0.9849155066223058,0.011291791321556143
0.006696884161195964,0.8911971174519988,0.10210599838680517
0.004883089866946576,0.9736440303562707,0.021472879776782774
0.006078522841996237,0.27661718420073583,0.7173042929572679
0.0055942258013985694,0.9186408470271789,0.07576492717142266
0.003504675867780167,0.9924580773293973,0.004037246802822637
0.0034996094542655114,0.9895943698439545,0.0069060207017798796
0.003188605704963925,0.13236240662494728,0.8644489876700888
0.004035429294164073,0.9852250049322765,0.010739565773559494
0.004229645033880757,0.9789891228352072,0.016781232130912056
0.0035502933069065275,0.9921125350660973,0.004337171626996246
0.003385903880416532,0.9924271271734277,0.004186968946155674
0.005360393831502602,0.9150479108496559,0.07959169531884148
0.003901782654910833,0.9869224573403542,0.009175760004735077
0.0039232703583210035,0.21326763481695132,0.7828090948247276
0.00515432368329609,0.9421070056893115,0.0527386706273924
0.004193017523124819,0.9812384290552131,0.014568553421662044
0.0023114246171334696,0.06796520528688191,0.9297233700959847
0.005151597944423853,0.9698798313349279,0.02496857072064835
0.0035312479662343885,0.9888661731353786,0.007602578898386984
0.003611672367661074,0.988378895762111,0.008009431870227714
0.0037039952747162054,0.9884750597230477,0.007820945002236148
0.007014922916732386,0.44972686711398135,0.5432582099692863
0.003976957143763728,0.9868407560998985,0.009182286756337745
0.006051220502819713,0.8847014166323892,0.1092473628647912
0.0017402701342723946,0.044376132093039033,0.9538835977726886
0.003324289790044354,0.9918008315652284,0.004874878644727253
0.006839709342504336,0.6191063672129923,0.3740539234445034
0.006444440573349373,0.7582979241792344,0.23525763524741622
0.004373862314815192,0.9723949544760385,0.023231183209146324
0.0034851026822151922,0.9914711641740284,0.005043733143756436
0.006136715941092306,0.8573936725250365,0.13646961153387108
0.003286244240030884,0.11829445262100476,0.8784193031389643
0.0032461916621130526,0.9922623856418059,0.004491422696081134
0.0034145251741776387,0.992179683802802,0.004405791023020546
0.003452862464618943,0.9895114328969931,0.007035704638387942
0.006315598687135846,0.807235990850226,0.18644841046263813
0.003342753672534101,0.9924798838783544,0.004177362449111343
0.0035481873121578837,0.992099061468385,0.004352751219457208
0.005775653678115448,0.9466546535460545,0.04756969277582997
0.0033378082526454426,0.9918474084312771,0.0048147833160775795
0.0033153960982482576,0.9915324804288179,0.005152123472933996
0.004314794772973933,0.9737333947135113,0.021951810513514892
0.003487485622428181,0.990833498642536,0.005679015735035916
0.0032949869595916186,0.992277606456038,0.004427406584370464
0.0039981038377809,0.9822432934658204,0.013758602696398668
0.0054934195969168565,0.26285755113350334,0.7316490292695798
0.005637742248443086,0.9542457915286016,0.04011646622295548
0.003675285490582297,0.9883724542569308,0.007952260252487027
0.004796767445655962,0.969085899358446,0.026117333195897964
0.004351192581561292,0.9737356981922485,0.02191310922619019
0.003363450842217487,0.15318463513401814,0.8434519140237643
0.00591378661811067,0.524963830572266,0.4691223828096234
0.004394817257969984,0.9747997883080688,0.020805394433961084
0.006231096395634639,0.46292173317038104,0.5308471704339843
0.004625167590408497,0.9751308038985115,0.020244028511080116
0.0035685548534745205,0.10815791974125268,0.8882735254052727
0.002943688883808479,0.11071819056681355,0.8863381205493781
0.004303445956607387,0.9771577080236955,0.01853884601969693
0.0044871044241318854,0.22077062646375986,0.7747422691121083
0.0040621296443440705,0.2187526369191934,0.7771852334364625
0.004564679874209835,0.9685271574862336,0.026908162639556643
0.004287895810620037,0.978247075278391,0.017465028910988813
0.002929890725836591,0.11944986920258281,0.8776202400715807
0.004881661717806767,0.2924426434693427,0.7026756948128505
0.003578773565007405,0.16796457530516706,0.8284566511298255
0.0038104096273255503,0.9847812262540498,0.011408364118624776
0.0038898539965805043,0.9876063301854925,0.008503815817927014
0.007230317420989506,0.8296948819621476,0.1630748006168629
0.004006593945051361,0.9807885414692568,0.01520486458569183
0.0019136909556867368,0.04538117735916636,0.9527051316851469
0.003454494180012113,0.9914604810563526,0.005085024763635095
0.005222893035695079,0.9343839658238844,0.06039314114042072
0.004885446603841441,0.9759539505870165,0.019160602809142054
0.007376751399528944,0.674850727624979,0.31777252097549197
0.0035301032308786744,0.155864736875748,0.8406051598933734
0.0067455306196590676,0.8924254585284088,0.10082901085193226
0.00417533843954366,0.9774777977077347,0.018346863852721523
0.006089824861088559,0.9322434798248188,0.06166669531409257
0.0032486558463872555,0.9923190655888406,0.0044322785647720984
0.004596788390148523,0.9771150021730838,0.018288209436767875
0.004638923984916526,0.9785732196123686,0.01678785640271479
0.00366632840747614,0.9895639347013514,0.006769736891172379
0.0034312788469899307,0.9917884769499086,0.004780244203101527
0.0039447333752610616,0.9861935090135634,0.009861757611175585
0.0061289224397992545,0.8908802187215763,0.10299085883862455
0.0044252878827038804,0.9769669177204716,0.018607794396824404
0.003578858387771319,0.9886175568171355,0.007803584795093108
0.0036003949157404234,0.989957967878584,0.006441637205675437
0.0033453169499309526,0.9922722286645372,0.004382454385531859
0.00497715939129763,0.9654690558897346,0.029553784718967635
0.0034545556497116016,0.9922179671084739,0.004327477241814434
0.00452109310338908,0.9697378827627233,0.02574102413388771
0.0033438784026927023,0.10572668590515441,0.8909294356921528
0.002585415428614456,0.07736276186281756,0.920051822708568
0.0034989231830927594,0.99147400921573,0.005027067601177324
0.003970532885974488,0.9804775730783768,0.015551894035648717
0.0032727982709021886,0.9920202395132364,0.004706962215861508
0.006374428405937541,0.9267863376753551,0.06683923391870739
0.004378027164429429,0.9739622205648295,0.021659752270740996
0.003999678220150727,0.9831452887863277,0.012855032993521654
0.004288309894250581,0.1992591726807156,0.7964525174250338
0.0052582578296915825,0.9358606581108819,0.0588810840594266
0.00251617417407519,0.07545643390062406,0.9220273919253007
0.00555326657369765,0.35026907379566063,0.6441776596306418
0.004956686234463887,0.9614673052289081,0.03357600853662808
0.0033762877163804527,0.99234733199065,0.004276380292969551
0.00624813637411159,0.5633287122598195,0.4304231513660689
0.00407291919702555,0.982469819498422,0.013457261304552388
0.005556865566837762,0.9650754028232978,0.029367731609864386
0.004889344839123344,0.9768149297756503,0.01829572538522629
0.007287525634269534,0.645156966235352,0.3475555081303784
0.006474742035100036,0.9338998967432949,0.05962536122160518
0.003611269555988825,0.9866413679317707,0.009747362512240471
0.00525420411800172,0.9504924664332343,0.04425332944876411
0.005616212972566146,0.42335763278914085,0.5710261542382931
0.007355697084266556,0.8973313148274981,0.09531298808823543
0.0035720137968984563,0.988860013988213,0.007567972214888628
0.003576802779704468,0.989186349722007,0.007236847498288475
0.0045769722322870215,0.9798205751871057,0.015602452580607154
0.00537071742349904,0.3086005476496297,0.6860287349268711
0.006303092911168212,0.649985801908356,0.3437111051804758
0.00466545469185791,0.9673260537534893,0.028008491554652782
0.004754295702660245,0.2656604506918506,0.7295852536054891
0.003279698634069725,0.9914086003931775,0.00531170097275284
0.007322977162807681,0.7216267422983447,0.27105028053884767
0.0035939511458080403,0.9892073968903945,0.0071986519637973305
0.003776563545592885,0.9875158196082077,0.008707616846199457
0.003472988480734072,0.991752035559769,0.004774975959496914
0.005353869524016129,0.9451830468876548,0.04946308358832927
0.003662741224771824,0.9880645913887157,0.008272667386512446
0.003878940543735765,0.9821749099299163,0.01394614952634781
0.00355873952509946,0.9906466359141568,0.005794624560743652
0.007198411378926733,0.5544193736592585,0.43838221496181473
0.003582358324106021,0.9884501686373051,0.007967473038588949
0.007328995692343195,0.8252095820574874,0.16746142225016938
0.0063470947381512495,0.9356213331593048,0.05803157210254384
0.0043973785008521015,0.19050142342661322,0.8051011980725347
0.0069268083535238495,0.8855053394821936,0.10756785216428251
0.005350703582766591,0.9286545329413147,0.06599476347591876
0.006286105770525,0.5290862225905062,0.4646276716389688
0.0033723695610527603,0.9917254787860651,0.00490215165288208
0.005069215186111278,0.9744354807562651,0.020495304057623575
0.004457744642791019,0.9676560689035315,0.0278861864536774
0.003195421419114847,0.9915318573641997,0.005272721216685338
0.006722391936266356,0.7990086543745911,0.19426895368914243
0.004033276632696497,0.978940958158092,0.017025765209211455
0.007777269434020726,0.7586398996206976,0.23358283094528165
0.0036252899398433063,0.9899885744694791,0.006386135590677536
0.0035748912803950823,0.9896071212748678,0.00681798744473691
0.007573207578306211,0.8111638739378594,0.18126291848383452
0.005579107470439392,0.42005919990721213,0.5743616926223484
0.005179080588248755,0.9615699583097926,0.0332509611019586
0.006238454880951782,0.34087927891371583,0.6528822662053324
0.006136020548801933,0.8326605587670906,0.16120342068410753
0.006362545730046486,0.6331982227305186,0.3604392315394349
0.004672141812316434,0.9827347122562244,0.01259314593145906
0.003645293186757713,0.9883848174278319,0.0079698893854104
0.0053364223296050355,0.9477790876899445,0.04688448998045046
0.006350993278645497,0.9184309628516861,0.0752180438696684
0.003998372312199834,0.9834317771342866,0.012569850553513562
0.007670121572065438,0.5703277770750145,0.42200210135292004
0.004288368673761422,0.2081419269842264,0.7875697043420121
0.0049445197405579115,0.21109275570122357,0.7839627245582186
0.0033186435243369736,0.9919782924636859,0.0047030640119771665
0.003312654395775244,0.9915411930983776,0.005146152505847113
0.0038042808086011393,0.9864837466972727,0.009711972494126298
0.00593839398724114,0.4645061401230368,0.5295554658897221
0.0033141680564045956,0.9908314966302165,0.005854335313379023
0.0034668092552518665,0.9912595148946134,0.005273675850134649
0.002306310329473433,0.069964032852664,0.9277296568178626
0.006683533819473513,0.8030367014805162,0.19027976470001032
0.004584108804517251,0.9633658423172645,0.03205004887821817
0.0051761061326659405,0.9593117041101521,0.03551218975718205
0.005759882953586613,0.8884090023189941,0.10583111472741934
0.004595179492020244,0.9826288544235307,0.012775966084449258
0.004427144849489088,0.9724155500458761,0.02315730510463474
0.004642553974890386,0.9783469391003775,0.017010506924732195
0.0035754958070019875,0.9883799656007268,0.008044538592271323
0.006181371458220714,0.9559095195439198,0.037909108997859514
0.0034274189870655545,0.9924503271028524,0.004122253910082068
0.006012722962503826,0.9527111242240994,0.04127615281339682
0.00413601886250874,0.9811539192309254,0.014710061906565836
0.005654802163723492,0.9405605386993762,0.05378465913690038
0.003936664514752614,0.9844737530696943,0.01158958241555298
0.006267029150589815,0.8929697700618084,0.10076320078760159
0.005830742846073464,0.9039613128496288,0.09020794430429782
0.0032903692086546817,0.9902885518739544,0.006421078917390943
0.004495171647465957,0.9661489239335207,0.029355904419013385
0.005885488717148692,0.8976926682877872,0.09642184299506405
0.005233337465669067,0.9585585582761407,0.03620810425819036
0.0038766685637514385,0.9826520694855181,0.01347126195073054
0.0039752603600286774,0.982825776882993,0.013198962756978471
0.006541710498903,0.8215166798147491,0.1719416096863478
0.007468045737371452,0.775574460149921,0.2169574941127075
0.0038217971020159344,0.9873420996595184,0.008836103238465643
0.0033237934625085326,0.9918573392549024,0.00481886728258908
0.004145542524044536,0.9817259239937013,0.014128533482254187
0.0021090392253599833,0.06113049676916098,0.936760464005479
0.006016763474938864,0.8993741667821297,0.0946090697429314
0.0046516204318157416,0.9691871972946227,0.026161182273561564
0.006244566340931774,0.5351226916933196,0.4586327419657486
0.006509149933882084,0.8820084408460758,0.11148240922004217
0.006843267548732154,0.8919115357117126,0.10124519673955544
0.004164536787408002,0.9841508159493143,0.011684647263277668
0.004766257189831472,0.9789427568460818,0.016290985964086735
0.00377299133089576,0.9874616464644556,0.008765362204648838
0.004240294715001287,0.9781945852516823,0.01756512003331625
