prob_class_0,prob_class_1,prob_class_2
0.0026631313740295925,0.0670132059370249,0.9303236626889454
0.0018270217524751847,0.03712919875489141,0.9610437794926334
0.0016229033549292739,0.026831445581741224,0.9715456510633295
0.002705913845520781,0.0690160697199869,0.9282780164344923
0.002003562223672529,0.04843750792654614,0.9495589298497814
0.00437068470844514,0.14171405729929934,0.8539152579922555
0.0020547570465602478,0.06240070362041555,0.9355445393330243
0.0013360828155893096,0.02355389890327869,0.975110018281132
0.0036938022407848317,0.16931946441389722,0.8269867333453178
0.0022712160545383096,0.0422232428762949,0.9555055410691669
0.0014099240987247529,0.023307632967832174,0.9752824429334431
0.007387331922089796,0.5287973758002704,0.4638152922776397
0.0011610027796887445,0.017140315300269455,0.9816986819200418
0.005659475632508225,0.9397694486159277,0.054571075751564044
0.0013169200428086233,0.023029255106048165,0.9756538248511432
0.0014644448342707105,0.02435686289146221,0.9741786922742672
0.002512238826179435,0.04854109086314285,0.9489466703106777
0.0011753179729056768,0.01698357809026724,0.9818411039368271
0.0014352778086611337,0.02568960702941163,0.9728751151619273
0.0038671900366481497,0.13889247871702584,0.857240331246326
0.007330515494103588,0.5009056950677265,0.4917637894381699
0.001617086353656346,0.033330590762364,0.9650523228839796
0.0019123882648547379,0.0366683942502989,0.9614192174848464
0.004773671619806327,0.22410646336942514,0.7711198650107686
0.004605623041266992,0.1820828107384098,0.8133115662203232
0.00137906369348272,0.022667306040067395,0.97595363026645
0.007590426272110084,0.627516895074966,0.36489267865292396
0.0012423691797506548,0.021394883216888576,0.9773627476033607
0.0028883155310850464,0.09535893262614535,0.9017527518427697
0.0035736663748458415,0.1174011744147437,0.8790251592104105
0.0014768585614902835,0.024226691219112636,0.9742964502193971
0.0015913426754842063,0.027832882337727446,0.9705757749867883
0.0022923823000545467,0.046262780850410065,0.9514448368495354
0.001156303112458429,0.016858952745568184,0.9819847441419735
0.0016524956888470193,0.03292212835966769,0.9654253759514854
0.0024367762224936688,0.049544612511437,0.9480186112660695
0.003045951705070723,0.06356437029901323,0.933389677995916
0.001169815525500433,0.017237640093889738,0.9815925443806097
0.003592745372702032,0.1637569894074876,0.8326502652198103
0.0011933305724889838,0.01940061075806254,0.9794060586694484
0.0039597142427216766,0.16140568045828818,0.8346346052989901
0.004529972877983132,0.9728123135879579,0.022657713534058946
0.001788874089938132,0.042411528616511394,0.9557995972935505
0.0016022311799986201,0.03435778048669274,0.9640399883333085
0.0026033091541618945,0.0745548019685356,0.9228418888773026
0.0013320721184060633,0.023139469974800642,0.9755284579067933
0.002129948670529975,0.06088254690555911,0.936987504423911
0.0025220486342272187,0.05587038207394921,0.9416075692918235
0.0011825597599479213,0.017772625281287042,0.981044814958765
0.0011808815763259708,0.017483579991002012,0.9813355384326721
0.0015778838402964266,0.03351061165251609,0.9649115045071874
0.001786909398626507,0.03750090738933005,0.9607121832120434
0.0025547926093289898,0.06360769768131294,0.9338375097093582
0.0014755204673182543,0.02591480909045071,0.9726096704422311
0.007020863255953659,0.30092734661739795,0.6920517901266484
0.0014629228263259829,0.02836295882824859,0.9701741183454256
0.004958423592488537,0.9641303541389961,0.03091122226851554
0.0072649240569016066,0.24593775374385488,0.7467973221992436
0.0035956184719389416,0.08091040562091668,0.9154939759071443
0.00184613227101751,0.03340995870968318,0.9647439090192993
0.007085714072648176,0.5783211363326541,0.41459314959469773
0.0034753556719653634,0.11025966837435387,0.8862649759536808
0.0014960022386758865,0.02539784625428628,0.9731061515070378
0.005818321209182368,0.2010620100037702,0.7931196687870474
0.0048429368303613924,0.1385374120663788,0.8566196511032598
0.001180131301670739,0.017239206598224564,0.9815806621001048
0.0050011390982774824,0.18224454671585508,0.8127543141858674
0.001491719906324802,0.034628049042512585,0.9638802310511625
0.001210726083912778,0.019141982501715307,0.979647291414372
0.0036989815890526483,0.08343593434038453,0.9128650840705629
0.0015838375523303794,0.03729085976228107,0.9611253026853885
0.0015900064941587852,0.033245357818751396,0.9651646356870898
0.0015702106670707774,0.03668370489069644,0.9617460844422329
0.0021261405986179997,0.06535380047420768,0.9325200589271743
0.001421803623862249,0.028045213333415645,0.9705329830427221
0.002778901462884781,0.09803720502283157,0.8991838935142836
0.0011652253906041321,0.01680497655044624,0.9820297980589496
0.0031253255944062143,0.1136406572548965,0.8832340171506974
0.005001690851837268,0.11742327698528397,0.8775750321628788
0.008570416528948355,0.41798160185296046,0.5734479816180912
0.0014849285291253368,0.025622916517468133,0.9728921549534066
0.002604160652482673,0.06910262013305495,0.9282932192144624
0.0013748489019369918,0.02229552744751848,0.9763296236505444
0.0017115508738260912,0.02988401420417072,0.9684044349220032
0.0013408492820243866,0.021737253833326857,0.9769218968846487
0.0038064622343053005,0.11586865371962078,0.880324884046074
0.002943031682017045,0.09603706540094659,0.9010199029170365
0.002590571142348193,0.101762071296832,0.8956473575608198
0.0014960700352242811,0.024678801386744276,0.9738251285780315
0.00254545186285948,0.06739979547237183,0.9300547526647686
0.00740412231095782,0.7140232319158752,0.2785726457731669
0.0076709837742326824,0.6237374290581199,0.3685915871676473
0.0020658045523897902,0.03843855870253144,0.9594956367450789
0.0024431760482125304,0.05601583024194362,0.9415409937098438
0.0010780185426960646,0.014953279112158204,0.9839687023451458
0.001617905276815664,0.03710622400237852,0.9612758707208059
0.0017918808378659882,0.04186759681565993,0.956340522346474
0.007311909054442865,0.4974650990826861,0.4952229918628711
0.0012709599747036651,0.020210883908508708,0.9785181561167876
0.008347235459750003,0.47114428735108205,0.5205084771891679
0.0011728049459101358,0.017258865405048396,0.9815683296490415
0.0021434127484652827,0.05869254306978503,0.9391640441817497
0.0013458011003526645,0.024739486141387376,0.9739147127582599
0.0014493797705317979,0.02368117158409086,0.9748694486453773
0.0014833325070753266,0.02606847568345719,0.9724481918094675
0.0012443742024569678,0.021020990362722473,0.9777346354348205
0.0026132570607627177,0.09507895728137715,0.9023077856578602
0.0013453047959422642,0.02179750805904355,0.9768571871450141
0.0013313631965110877,0.024134954708645955,0.9745336820948429
0.0015093174505280574,0.024998705975113705,0.9734919765743582
0.0018022278101595516,0.04264368966366421,0.9555540825261762
0.002274810594360151,0.06956646973553667,0.9281587196701032
0.005580838963910117,0.3685119280910892,0.6259072329450006
0.008099957635124647,0.7657540782418578,0.22614596412301766
0.00450338890381925,0.1633507087913313,0.8321459023048494
0.007542605929327668,0.7655617895624023,0.22689560450827
0.0011851273345452615,0.017889309376874277,0.9809255632885806
0.0020393014988222507,0.040538594411692,0.9574221040894858
0.0066920088288446675,0.8487776093643354,0.14453038180681987
0.0014616892401274292,0.02401425274674114,0.9745240580131315
0.0015582802995362133,0.03370507813766565,0.9647366415627981
0.002193256018407423,0.05902011616650852,0.938786627815084
0.0014662926733848118,0.02794966131318018,0.970584046013435
0.001491663760635482,0.02513985475884685,0.9733684814805177
0.00410566156099821,0.1426586801012078,0.853235658337794
0.006106878541282637,0.9231873090177212,0.07070581244099626
0.0033152268402544495,0.12105125106627873,0.8756335220934669
0.006907392265701535,0.6050884820462161,0.3880041256880824
0.0016022655890084564,0.03934682427521251,0.959050910135779
0.0029154659888467535,0.073349567946682,0.9237349660644713
0.0018046525664816905,0.03148943940736609,0.9667059080261521
0.0012813579586552304,0.021723933556750542,0.9769947084845941
0.0013897174913364133,0.022081914695068,0.9765283678135956
0.0028222312669097887,0.060300853961778235,0.936876914771312
0.0039938021425775265,0.09736227878095394,0.8986439190764687
0.001715913539785194,0.03885370526079309,0.9594303811994218
0.0013280351813582218,0.024154715744259026,0.9745172490743826
0.0015651724112225617,0.03250033571025123,0.9659344918785262
0.001355761136900081,0.026697284560367105,0.9719469543027328
0.003266449009130752,0.07870083395028848,0.9180327170405808
0.005542375739901404,0.2981457688570078,0.6963118554030908
0.0071215027284878465,0.2012045162719447,0.7916739809995675
0.005550173826979994,0.1461249310936034,0.8483248950794166
0.0012157537895051813,0.018903923206511564,0.9798803230039832
0.0014658185044737957,0.02660069385769696,0.9719334876378294
0.0013777022235478965,0.021932287331803083,0.9766900104446491
0.001862647287950023,0.03317823287309043,0.9649591198389597
0.003192326270668596,0.07234026577779866,0.9244674079515327
0.00539721049446558,0.19586200401298995,0.7987407854925445
0.0013859788460023597,0.026998344637157095,0.9716156765168404
0.0023775766804499773,0.06942127281748862,0.9282011505020614
0.002117381764778229,0.05265546612267721,0.9452271521125446
0.0014310385966149434,0.02903535933160092,0.9695336020717841
0.002208356533072624,0.045084438894507195,0.9527072045724202
0.0015838185265693808,0.027257576706494077,0.9711586047669365
0.0014715544799005541,0.029038648454948503,0.9694897970651509
0.0020992329124580123,0.04679971179727633,0.9511010552902656
0.0018753854537204792,0.04184093394051795,0.9562836806057615
0.0012258468641561005,0.019919207077210805,0.9788549460586331
0.003427100751952659,0.13801728891965828,0.8585556103283891
0.002796238184048933,0.08292429350871787,0.9142794683072333
0.00903585522471878,0.3599605876569945,0.6310035571182866
0.004709257843457214,0.1463943800702329,0.8488963620863099
0.0011085895407120898,0.016112882918203578,0.9827785275410844
0.0014502310952028787,0.02459613081039885,0.9739536380943983
0.002938179176922354,0.06069063679300024,0.9363711840300774
0.0012020221489565895,0.020516234940171685,0.9782817429108718
0.0011094914083863905,0.016002043806812524,0.982888464784801
0.003019192857924893,0.09264670954399573,0.9043340975980794
0.0013265959407194536,0.022298531189724795,0.9763748728695557
0.002579411668142576,0.06349440861433994,0.9339261797175175
0.007560372101505203,0.3969489231178667,0.595490704780628
0.00127118944040411,0.020332038568108307,0.9783967719914877
0.0011396953124519706,0.016185211198367234,0.9826750934891808
0.0025863015959134844,0.05775045810711224,0.9396632402969742
0.0013100733594082114,0.02396224033696287,0.9747276863036288
0.0015562883482894009,0.03329168329506037,0.9651520283566501
0.0022647939577186338,0.04406416228749348,0.953671043754788
0.0012464709461215326,0.019229125101673954,0.9795244039522046
0.002141645729473756,0.05635388613242266,0.9415044681381035
0.003315779487124476,0.12445880770220963,0.8722254128106659
0.0023737134279579416,0.05145426792202776,0.9461720186500144
0.0028480260701590153,0.0950954307051431,0.902056543224698
0.0019872089664583225,0.04010318490739559,0.9579096061261461
0.007390852299988346,0.6590330336515489,0.3335761140484629
0.0015200240073081426,0.024977510529093284,0.9735024654635986
0.0015740288999578098,0.026887145833909883,0.9715388252661324
0.006208111846086833,0.9461614861251773,0.04763040202873598
0.0011173274032789445,0.015613827939555366,0.9832688446571658
0.0016148978011109102,0.028271547735706504,0.9701135544631826
0.0028897541341317535,0.08293694187392836,0.91417330399194
0.004335687885767272,0.2581700898966939,0.7374942222175389
0.004346670896901767,0.1662588387647919,0.8293944903383064
0.0015066320274949817,0.03255961022569402,0.9659337577468109
0.001446701805534552,0.023785584876015033,0.9747677133184505
0.0018730457822625159,0.03398329413376556,0.9641436600839718
0.001498912133531717,0.029722716809504737,0.9687783710569636
0.004068130607518739,0.13209041019915377,0.8638414591933274
0.004177849205125309,0.21663875097120563,0.779183399823669
0.005256403849512124,0.3632476243561567,0.6314959717943311
0.0034914307082171943,0.13835548774765336,0.8581530815441295
0.0011221694053134017,0.016089913452522347,0.9827879171421643
0.0014096610929190323,0.024836479527120793,0.9737538593799602
0.0013747509826995406,0.022079311524775762,0.9765459374925247
0.002081988693152728,0.05680856492857511,0.9411094463782721
0.005958197720055252,0.9213666391663194,0.07267516311362528
0.004067362129529153,0.182542990352687,0.8133896475177839
0.006452170037083434,0.8517706209011037,0.14177720906181296
0.001398723675046622,0.026866914678548882,0.9717343616464045
0.005278786761053134,0.2895330679301679,0.7051881453087789
0.0012182559831170699,0.01849690510483885,0.980284838912044
0.005027669031290232,0.2392880134004106,0.7556843175682992
0.005544444907342808,0.3167878623586255,0.6776676927340316
0.004316694944605319,0.1865746663641836,0.8091086386912111
0.00707803736986014,0.7854681034840988,0.2074538591460411
0.002303490280489487,0.07435429743977849,0.923342212279732
0.0015320675523826442,0.03130394835193508,0.9671639840956824
0.0012302295219723805,0.01989130058585521,0.9788784698921725
0.005687641781575793,0.15747477723802628,0.836837580980398
0.0013850670336497761,0.022383315691474472,0.9762316172748758
0.004017759204993766,0.14355646625048024,0.8524257745445261
0.0016357460985028406,0.03297195950585951,0.9653922943956377
0.0035204587263389987,0.1438638369377648,0.8526157043358962
0.0021134861258887802,0.043142331586511234,0.9547441822875999
0.0035848177711387723,0.08192410321611902,0.9144910790127422
0.0012175987363008678,0.0178953518092597,0.9808870494544395
0.0017135022827518985,0.03737694750903596,0.9609095502082121
0.0014336985396826987,0.02375230595305875,0.9748139955072586
0.004791314334043917,0.23744792646453355,0.7577607592014225
0.0018322274291437404,0.045804033325607174,0.9523637392452491
0.001146577985483784,0.01640944291962284,0.9824439790948934
0.004755671926722011,0.27278924050580505,0.722455087567473
0.0029915024196777405,0.06586452148854302,0.9311439760917791
0.001178257686600881,0.01810019780282237,0.9807215445105767
0.0011324832695704928,0.016734919316245968,0.9821325974141835
0.0012796598918202052,0.02224512842836981,0.97647521167981
0.0014555050828129446,0.024568633806072954,0.973975861111114
0.0011828876259808812,0.0188237287877203,0.9799933835862987
0.001626450181148511,0.030519711029292542,0.967853838789559
0.0011911812427423053,0.01885732996551079,0.9799514887917469
0.001992405134600082,0.036577574855823136,0.9614300200095768
0.0012468973480382216,0.019493813163799157,0.9792592894881627
0.006734235516513334,0.2982468838277985,0.6950188806556883
0.0032032870168203576,0.10355632073885013,0.8932403922443296
0.005307109068787797,0.15452610151596283,0.8401667894152494
0.0038907503362172525,0.14463250346997852,0.8514767461938043
0.0069096894557896015,0.7398252031703538,0.2532651073738565
0.0024432105376204975,0.07844379547467037,0.9191129939877092
0.0027167812943923553,0.0629085157638039,0.9343747029418037
0.0014953127375446963,0.026188429638460343,0.972316257623995
